1036064582136
1032110804195
1028148435908
1035865306878
1034469918303
1035455375702
1035269234104
1038143035062
1035624747490
1035916155382
1032792618788
1035736123243
1034945482740
1025824394754
1026902348195
1023968078820
1033906092172
1038031357316
1033626295285
1034355119524
1036690958916
1038092382526
1034544501372
1032903563769
1036869751771
1037413446531
1035789261603
1036400616301
1036835214921
1031916811412
1037926620476
1037991166915
1038201092634
1032714784769
1033196707294
1034626979956
1037524612367
1026595569285
1037799884151
1034206879782
1035073006717
1038281398954
1032715081490
1032097126596
1035145831796
1036808870276
1033686612100
1035817621075
1037909390422
1031058135975
1037017873729
1033540908551
1038282296259
1022167642188
1038084492481
1035661349979
1036015728961
1029744774801
1036865079231
1032717532381
1037721631287
1035303301887
1029373686929
1028858195912
1029036975486
1037382540143
1021628175407
1036550512652
1030653708061
1031240619395
1031512896047
1031084757448
1033050967689
1038293845655
1023920295720
1027375934642
1037852302386
1037986516066
1021681819954
1035586188836
1028842270975
1032785084160
1025026043977
1026221929523
1024321334725
1022719559274
1031356087955
1036753634403
1037962518481
1032478997930
1033368129183
1023066447083
1029209158478
1026588743808
1031299789028
1036865806195
1028978417060
1021685225169
1022445427313
1036657330081
1037999515935